2 0.0 0.0
3 10.3111000061 123.891700745
1 10.5 -66.9167022705
9 -12.0500001907 -77.0500030518
6 12.25 -68.75
6 12.516699791 -70.0333023071
5 12.7306003571 -86.125
2 13.1332998276 -61.2167015076
1 13.7086000443 -89.2031021118
4 13.75 100.516700745
3 16.2000007629 -61.4832992554
1 16.4500007629 120.550003052
1 17.3752994537 78.4744033813
1 18.0 -76.8000030518
3 18.184299469 -67.1275024414
1 18.2273006439 -66.0579986572
14 18.25 -66.5
9 18.4176006317 -66.8559036255
2 18.4666996002 -69.9000015259
11 19.4342002869 -99.1386032104
1 20.75 -105.333297729
1 21.0167007446 -101.25
1 21.1166992188 -101.666702271
3 21.1667003632 -86.8332977295
1 21.2982997894 -157.791900635
4 21.3138999939 -157.824493408
1 21.4002990723 -157.751998901
1 21.4570007324 -158.17300415
2 -22.8999996185 -43.2332992554
4 23.0 -102.0
5 -23.2999992371 -51.1500015259
3 -23.5333003998 -46.6166992188
4 24.5856990814 -81.6809997559
2 25.0832996368 -77.3499984741
1 25.4864997864 -80.5027999878
1 25.5 51.25
6 25.6032009125 -80.3347015381
6 25.6833000183 -100.25
6 25.7033004761 -80.2899017334
2 25.7052001953 -80.4633026123
2 25.7362995148 -80.4044036865
1 25.7565994263 -80.4076004028
18 25.7614994049 -80.2938995361
8 25.766500473 -80.2043991089
1 25.7828998566 -80.1358032227
2 25.8213005066 -80.1339035034
1 25.8582000732 -80.1312026978
1 25.8588008881 -80.3839035034
6 25.8610992432 -80.2714996338
1 25.8658008575 -80.3018035889
5 25.8857002258 -80.3155975342
2 25.890499115 -80.3352966309
1 25.9265995026 -80.1443023682
3 25.9372005463 -80.3170013428
1 25.9698009491 -97.4466018677
16 26.0097999573 -80.2592010498
1 26.0184993744 -80.3445968628
7 26.0205993652 -80.2444000244
2 26.0212001801 -80.1894989014
2 26.0697994232 -80.2222976685
5 26.0851993561 -80.1753997803
2 26.1130008698 -80.3255996704
4 26.1135997772 -80.4152984619
1 26.1142997742 -80.3840026855
10 26.1275005341 -80.2331008911
1 26.1576004028 -80.3322982788
1 26.1788005829 -98.3594970703
1 26.2357006073 -80.0996017456
2 26.2441997528 -80.2059020996
8 26.2719993591 -80.2580032349
4 26.287399292 -98.1167984009
2 26.297700882 -80.1775970459
1 26.3083992004 -80.1432037354
2 26.3097000122 -80.1220016479
6 26.3483009338 -80.1585006714
1 26.3738994598 -80.1467971802
5 26.5244998932 -80.1106033325
1 26.5333003998 -78.6999969482
6 26.5736999512 -81.8268966675
3 26.6002998352 -80.1136016846
3 26.6203994751 -81.6439971924
1 26.6231002808 -81.8753967285
1 26.6291999817 -81.9431991577
2 26.6336994171 -81.9820022583
2 26.698299408 -82.0270996094
6 26.7063007355 -80.2071990967
4 26.7176990509 -80.1258010864
1 26.8498001099 -80.1399993896
2 26.8999996185 -80.6095962524
1 26.9370002747 -80.1350021362
1 26.9554004669 -82.2986984253
3 27.1019001007 -82.382598877
3 27.2497997284 -80.379699707
1 27.3099994659 -82.4794998169
4 27.3255004883 -82.4733963013
4 27.3325996399 -80.4216995239
7 27.3910007477 -80.3774032593
3 27.4549999237 -82.5111999512
4 27.4916992188 -82.6405029297
2 27.5632991791 -99.2175979614
1 27.7019996643 -97.3423995972
4 27.7327003479 -82.6877975464
3 27.7362003326 -82.6690979004
2 27.7712993622 -82.4142990112
3 27.778799057 -82.6822967529
9 27.8222999573 -82.2797012329
1 27.8866996765 -82.5117034912
1 27.8953990936 -82.7874984741
1 27.9111995697 -82.7550964355
7 27.9158000946 -82.2289962769
2 27.9447002411 -82.7942962646
1 27.9617004395 -82.7368011475
6 -27.9666996002 153.399993896
17 27.9983997345 -82.4781036377
1 -28.0 153.433303833
7 28.0380001068 -97.0936965942
5 28.089799881 -82.5759963989
2 28.0900993347 -82.7250976562
1 28.0986003876 -82.6859970093
5 28.1306991577 -80.6998977661
3 28.1490001678 -82.46900177
1 28.176399231 -82.5953979492
2 28.2397003174 -82.7388000488
1 28.2416000366 -81.2928009033
1 28.2444000244 -82.6932983398
2 28.2518997192 -80.660697937
2 28.2518997192 -81.4381027222
1 28.3031005859 -82.7048034668
8 28.3260002136 -81.3513031006
2 28.4517002106 -81.4653015137
1 28.4638004303 -80.6725006104
1 28.4666996002 77.0333023071
2 28.4771995544 -82.599899292
1 28.4806003571 -81.2583999634
2 28.4838008881 -82.5130004883
16 28.5037002563 -81.3305969238
1 28.5142993927 -81.4429016113
2 28.6051006317 -81.3321990967
2 28.6079006195 -81.3054962158
1 28.6672992706 -81.1410980225
6 28.6963996887 -81.5233001709
5 28.7346000671 -81.4113998413
6 28.7577991486 -81.3396987915
2 28.8300991058 -81.3618011475
1 28.9318008423 -81.9541015625
1 28.9400005341 -81.9897003174
5 29.04529953 -81.3975982666
4 29.1569004059 -82.1557998657
2 29.1872997284 -81.0530014038
1 29.3005008698 -81.1948013306
3 29.3187999725 -81.1294021606
2 29.3862991333 -98.6182022095
1 29.46159935 -98.5735015869
11 29.4717006683 -98.513999939
1 29.4750995636 -95.3598022461
3 29.5039997101 -98.6681976318
1 29.5074996948 -95.0895004272
2 29.5142002106 -95.1902999878
1 29.5196990967 -98.6083984375
2 29.5559005737 -98.365196228
1 29.5673999786 -95.5189971924
1 29.5688991547 -98.2229003906
2 29.5722999573 -95.1360015869
1 29.5730991364 -82.4076004028
3 29.5897006989 -95.6328964233
3 29.6077003479 -82.0739974976
2 29.6194992065 -100.808898926
1 29.6380996704 -82.414100647
1 29.6693992615 -82.3572006226
7 29.6877002716 -95.1156997681
3 29.7448997498 -95.7311019897
2 29.7597999573 -82.2808990479
2 29.7637996674 -98.4613037109
18 29.7754993439 -95.4151992798
4 29.7961006165 -95.7826004028
1 29.8262004852 -95.426399231
3 29.8320999146 -95.7345962524
1 29.8323001862 -82.5854034424
2 29.8484992981 -90.0633010864
1 29.8687992096 -95.5380020142
5 29.8901004791 -81.3719024658
6 29.9234008789 -95.057800293
1 29.9409008026 -96.8771972656
3 29.9671001434 -90.3606033325
7 29.9731006622 -90.0575027466
1 29.9743003845 -95.6979980469
1 29.9846000671 -95.4592971802
2 29.9878005981 -95.6549987793
4 30.0018005371 -90.1743011475
1 30.0279006958 -98.1178970337
1 30.0282001495 -90.25050354
5 30.0601997375 -95.1604003906
1 30.0983009338 -95.3570022583
2 30.1145000458 -95.4729003906
4 30.1310997009 -81.7559967041
10 30.182100296 -94.009803772
11 30.2077999115 -92.0385971069
1 30.2129993439 -95.5385971069
3 30.2143001556 -90.9402008057
7 30.2187004089 -81.7539978027
1 30.2406005859 -81.6187973022
1 30.2584991455 -93.4063034058
1 30.2656002045 -81.7779998779
1 30.2700004578 -97.8662033081
1 30.2800998688 -81.4049987793
1 30.2866001129 -81.5149993896
40 30.2938995361 -81.6551971436
11 30.3036994934 -97.7695999146
5 30.345199585 -87.0728988647
2 30.3504009247 -85.8274002075
6 30.3715991974 -95.6932983398
1 30.3749008179 -89.1784973145
2 30.3840007782 -97.7072982788
2 30.3890991211 -90.0278015137
5 30.4006996155 -88.7586975098
1 30.4074001312 -86.9785003662
8 30.4416007996 -97.5986022949
3 30.4466991425 -86.875
3 30.4498996735 -91.0978012085
1 30.4519996643 -86.6292037964
1 30.4797992706 -87.8657989502
1 30.4934005737 -97.943397522
1 30.4997997284 -97.8081970215
3 30.5669994354 -96.2836990356
14 30.5795001984 -84.2054977417
5 30.5900001526 -96.302696228
7 30.6574993134 -88.1585998535
9 30.6809005737 -88.1268005371
4 30.6877994537 -98.4767990112
2 30.6942005157 -87.0271987915
5 30.6965999603 -88.1736984253
4 30.7996997833 -86.9748001099
1 31.0049991608 121.408599854
1 31.0 36.0
16 31.0536003113 -97.6420974731
1 31.0937995911 -97.7499008179
2 31.1502990723 -85.4113998413
4 31.2744007111 -92.5404968262
2 31.2814998627 -92.4692993164
1 31.3094997406 -94.7410964966
5 31.4498004913 -100.430397034
1 31.5408992767 -83.8749008179
1 31.5485992432 -84.1789016724
2 31.7198009491 -83.2132034302
7 31.7434997559 -106.296897888
5 31.7968997955 -106.387397766
12 31.9183998108 -85.2086029053
1 31.9951000214 -81.2723007202
4 32.0433006287 -81.1166992188
1 32.0466003418 -102.033401489
5 32.0750999451 -110.884498596
1 32.0806007385 34.814201355
3 32.0945014954 -84.6579971313
3 32.1222991943 -95.9226989746
1 32.1780014038 -96.873298645
3 32.2131996155 -110.887298584
3 32.2201004028 -80.7352981567
1 32.231300354 -95.2957992554
1 32.2337989807 -110.949996948
4 32.2369003296 -110.9559021
1 32.2448005676 -110.923202515
11 32.2887992859 -98.1948013306
3 32.335899353 -90.1580963135
1 32.3728981018 -81.8442993164
6 32.4054985046 -82.5401000977
1 32.4300003052 -97.1929016113
1 32.4331016541 -97.5390014648
7 32.4388008118 -110.957496643
1 32.4488983154 -93.7088012695
3 32.4734992981 -92.2133026123
3 32.4813995361 -84.9032974243
2 32.5332984924 -117.016700745
5 32.5351982117 -84.9848022461
2 32.5418014526 -83.5902023315
1 32.5702018738 -97.1313018799
6 32.581401825 -83.6286010742
1 32.6086997986 -116.936500549
1 32.636100769 -117.053199768
2 32.6371994019 -96.6811981201
1 32.6464996338 -96.9148025513
1 32.6708984375 -97.4157028198
2 32.6739006042 -101.95010376
6 32.6987991333 -97.1237030029
10 32.7080993652 -79.9438018799
1 32.7131996155 -93.6414031982
4 32.716999054 -116.995002747
1 32.7198982239 -96.9905014038
1 32.7207984924 -117.093101501
1 32.7243995667 -114.515701294
1 32.731300354 -117.039100647
1 32.7368011475 -117.127700806
1 32.7370986938 -96.9055023193
1 32.7448005676 -117.170196533
3 32.7597007751 -97.1470031738
5 32.7717018127 -117.005897522
1 32.773601532 -115.602203369
1 32.7792015076 -117.189399719
3 32.7821006775 -97.297996521
6 32.7976989746 -117.132202148
7 32.7976989746 -117.23349762
1 32.8033981323 -97.2665023804
2 32.8050003052 -116.902297974
2 32.8055992126 -89.1072998047
1 32.8072013855 -117.164901733
3 32.8073005676 -117.132400513
4 32.8097991943 -96.7993011475
3 32.8214988708 -117.084396362
1 32.8228988647 -79.8548965454
5 32.8255004883 -79.9680023193
2 32.8265991211 -96.7466964722
1 32.8339004517 -96.7714996338
2 32.8524017334 -97.2880020142
1 32.8568992615 -96.9628982544
1 32.8591995239 -97.0819015503
8 32.8666992188 -117.248100281
5 32.8806991577 -117.235900879
8 32.8880996704 -111.202003479
1 32.8916015625 -96.568397522
2 32.9014015198 -117.207901001
3 32.9085006714 -96.6315002441
3 32.9244995117 -96.8937988281
5 32.9721984863 -96.7376022339
1 33.0035018921 -96.9000015259
3 33.0167999268 -112.202796936
1 33.0217018127 -97.2223968506
1 33.0289993286 -97.1122970581
4 33.0293998718 -97.0687026978
1 33.0362014771 -96.6712036133
1 33.0483016968 -96.734703064
1 33.0581016541 -83.43699646
3 33.0704994202 -116.83719635
1 33.081199646 -96.8133010864
2 33.0957984924 -117.272102356
2 33.1157989502 -117.287002563
1 33.1493988037 -96.4832992554
4 33.1503982544 -86.2919006348
5 33.1768989563 -96.6985015869
3 33.198299408 -111.604103088
10 33.2047996521 -97.1166992188
5 33.2065010071 -96.6568984985
4 33.2229995728 -117.106903076
1 33.2408981323 -93.1992034912
1 33.2478981018 -111.789497375
1 33.2700996399 -117.28440094
11 33.2790985107 -83.6989974976
1 33.2818984985 -111.879501343
10 33.320098877 -111.873901367
1 33.323299408 -111.824401855
1 33.3672981262 -111.935699463
8 33.3843994141 -111.928703308
1 33.3899002075 -111.636703491
1 33.3960990906 -84.7820968628
1 33.400100708 -111.929000854
1 33.4393005371 -82.0512008667
1 33.4425010681 -79.1587982178
1 33.4430999756 -94.1458969116
1 33.4441986084 -112.317901611
6 33.448299408 -81.6921005249
4 33.4552993774 -102.488296509
2 33.4621009827 -82.2220001221
8 33.4645996094 -84.1128997803
1 33.4884986877 -80.8559036255
2 33.489200592 -85.9390029907
7 33.4911994934 -111.923698425
4 33.4976005554 -84.3806991577
1 33.5054016113 -86.7986984253
1 33.5061988831 -86.8013000488
1 33.5147018433 -86.5531997681
8 33.5222015381 -112.083900452
2 33.5242004395 -82.0925979614
3 33.5256004333 -117.619102478
1 33.5299987793 -117.103500366
1 33.5335998535 -80.8740005493
1 33.5485992432 -101.922401428
4 33.5558013916 -117.785797119
6 33.557800293 -82.1648025513
1 33.5586013794 -112.095497131
1 33.5602989197 -79.0440979004
1 33.5671005249 -81.6594009399
4 33.5724983215 -112.056396484
5 33.5788993835 -117.141197205
1 33.5833015442 -86.894203186
1 33.5878982544 -84.646697998
1 33.5961990356 -112.177101135
8 33.598400116 -111.866897583
1 33.6053009033 -117.717300415
1 33.6054000854 -117.667503357
2 33.6092987061 -84.0614013672
1 33.6116981506 -117.549102783
4 33.6119003296 -111.890602112
2 33.6141014099 -101.957397461
11 33.6223983765 -78.9745025635
3 33.6274986267 -117.873397827
1 33.6358985901 -79.0279998779
1 33.6403007507 -117.76940155
2 33.6464004517 -86.5696029663
1 33.6534004211 -112.246200562
1 33.6553993225 -84.0090026855
12 33.6579017639 -116.269996643
22 33.6595001221 -85.8856964111
2 33.6637992859 -84.7331008911
1 33.6645011902 -111.873397827
1 33.6669006348 -112.185699463
6 33.6792984009 -117.905502319
1 33.6836013794 -111.73500061
1 33.6888008118 -112.043296814
1 33.7010993958 -117.79699707
4 33.7140007019 -117.870002747
2 33.7369995117 -118.305297852
3 33.7438011169 -117.86579895
1 33.7503013611 -84.2614974976
1 33.7583999634 -118.316299438
6 33.7694015503 -112.248199463
2 33.775100708 -117.970397949
1 33.7843017578 -118.115699768
4 33.7845993042 -117.843299866
5 33.7865982056 -118.298698425
2 33.7929992676 -84.4431991577
3 33.7933998108 -118.121200562
4 33.7952003479 -84.324798584
1 33.797000885 -118.062400818
14 33.8003997803 -84.3864974976
1 33.8031005859 -117.828903198
4 33.811000824 -84.2869033813
20 33.815700531 -84.1100997925
2 -33.8166999817 151.0
2 33.8236999512 -83.6910018921
1 33.8321990967 -78.6491012573
2 33.8322982788 -117.880302429
4 33.8352012634 -118.328903198
3 33.8366012573 -112.118896484
1 33.840801239 -118.07900238
1 33.8417015076 -118.007598877
1 33.8423995972 -117.548599243
2 33.8437004089 -118.258499146
4 33.8452987671 -118.111801147
4 33.8567008972 -84.5351028442
1 33.8586006165 -118.000602722
1 33.8633003235 -84.4983978271
1 33.8709983826 -84.4635009766
1 33.8816986084 -117.924102783
3 33.8818016052 -117.85030365
1 33.8821983337 -84.3783035278
7 -33.8833007812 151.216705322
1 33.8879013062 -117.728599548
5 33.8880004883 -118.130401611
6 33.8893013 -118.401000977
3 33.8894004822 -118.230903625
7 33.8899993896 -84.3028030396
6 33.9009017944 -118.007301331
2 33.9057998657 -84.1802978516
4 33.9058990479 -117.40309906
2 33.9071006775 -118.076698303
10 33.9095993042 -117.612297058
1 33.9199981689 -117.208000183
12 33.9275016785 -118.065696716
2 33.9286003113 -84.8749008179
9 33.9289016724 -116.488098145
4 33.9403991699 -117.395896912
2 33.9410018921 -83.43409729
1 33.9413986206 -117.955497742
3 33.9485015869 -118.201698303
3 33.9532012939 -84.5177001953
16 33.9542999268 -84.0101013184
10 33.9650001526 -83.3891983032
9 33.9681015015 -84.2304000854
4 33.9720993042 -84.4417037964
1 33.9781990051 -117.903999329
1 33.9791984558 -81.2589035034
1 33.9864006042 -118.088401794
2 34.0008010864 -117.126602173
6 34.001701355 -84.4710006714
2 34.0091018677 -84.0087966919
1 34.0092010498 -118.108299255
1 34.0115013123 -117.853500366
1 34.0119018555 -118.468200684
1 34.0144004822 -117.277198792
1 34.0245018005 -83.2246017456
3 34.0246009827 -118.484802246
3 34.0247001648 -84.5033035278
1 34.0307998657 -81.0014038086
2 34.0372009277 -117.95880127
1 34.0396003723 -81.8075027466
10 34.0413017273 -84.3472976685
21 34.0415992737 -118.298797607
3 34.0469017029 -118.048500061
3 34.0485992432 -118.442398071
3 34.0519981384 -118.129402161
5 34.0522994995 -118.3852005
1 34.0530014038 -117.248901367
1 34.0598983765 -118.310302734
1 34.0634994507 -117.759597778
1 -34.0 -64.0
2 34.0658988953 -117.789596558
7 34.0709991455 -117.700996399
2 34.0749015808 -118.39969635
3 34.0778007507 -117.626098633
3 34.0789985657 -117.849403381
4 34.081401825 -81.1498031616
4 34.0815010071 -118.179199219
3 34.0816993713 -84.2553024292
1 34.0909996033 -118.294296265
2 34.0918006897 -84.2209014893
2 34.1006011963 -118.32749939
1 34.1124992371 -118.190803528
3 34.1189994812 -84.4477005005
2 34.1222991943 -117.714302063
3 34.125 -118.049598694
2 34.1255989075 -77.9189987183
2 34.1377983093 -117.947502136
2 34.1444015503 -118.893501282
7 34.1537017822 -116.418899536
6 34.1539993286 -118.498199463
3 34.1562995911 -118.136199951
1 34.1577987671 -116.273200989
3 34.1633987427 -118.607696533
7 34.1646003723 -118.254798889
1 34.1647987366 -118.400802612
2 34.1674995422 -83.9120025635
1 34.1693000793 -118.266296387
6 34.1702003479 -118.955802917
2 34.1717987061 -118.291496277
8 34.1782989502 -118.381202698
1 34.1853981018 -118.390800476
4 34.1855010986 -118.314598083
5 34.1871986389 -80.7063980103
1 34.1898002625 -82.1479034424
3 34.1959991455 -119.16809845
1 34.1980018616 -119.172599792
2 34.2033996582 -118.692199707
1 34.2078018188 -80.2818984985
1 34.2132987976 -118.879997253
1 34.2321014404 -119.075202942
3 34.2321014404 -77.8834991455
1 34.2416992188 -118.55039978
2 34.2499008179 -88.716796875
5 34.2686004639 -118.329498291
2 34.2863006592 -119.226699829
2 34.2868003845 -118.613998413
4 34.3067016602 -83.8086013794
1 34.3106002808 -118.878700256
10 34.3737983704 -119.717796326
3 34.4014015198 -119.075302124
6 34.4090003967 -119.720397949
1 34.4308013916 -118.464500427
1 34.4412002563 -119.618598938
1 34.4567985535 -77.6690979004
1 34.4630012512 -84.1510009766
7 34.4660987854 -118.574699402
4 34.4796981812 -82.6781997681
5 34.4852981567 -97.8522033691
1 34.5337982178 -117.351303101
7 34.534198761 -82.7166976929
1 34.5713996887 -78.7565994263
2 -34.5875015259 -58.6725006104
1 34.6007995605 -78.967300415
15 34.6152992249 -89.3647003174
1 34.6628990173 -98.4776992798
3 34.6684989929 -86.5576019287
2 34.6809005737 -111.702796936
2 34.6931991577 -81.6098022461
3 34.7000007629 -76.7741012573
7 34.7192993164 -86.5604019165
1 34.7251014709 -83.5108032227
1 34.726600647 -82.4598007202
2 34.7337989807 -92.3665008545
9 34.7789993286 -77.4306030273
6 34.7984008789 -92.2449035645
5 34.8167991638 -86.6825027466
1 34.8600997925 -82.2463989258
2 34.9011001587 -82.2661972046
1 34.9272994995 -78.9093017578
2 34.9477005005 -111.939598083
1 34.9556007385 -120.502700806
1 34.9701004028 -116.992897034
1 34.9850006104 -80.5354995728
2 35.0448989868 -77.4214019775
3 35.0480995178 -85.2833023071
3 35.0508003235 -120.485801697
2 35.0910987854 -89.6510009766
9 35.1025009155 -106.611701965
1 35.1059989929 -79.4506988525
1 35.106300354 -80.7119979858
2 35.1091003418 -106.580703735
2 35.1133003235 -89.9020996094
10 35.1241989136 -89.9521026611
8 35.1292991638 -118.511001587
4 35.1413993835 -114.491600037
1 35.1665000916 -120.437599182
2 35.170501709 -85.2095031738
1 35.1707000732 -80.7919998169
1 35.1786994934 -89.7565002441
4 35.2052993774 -101.788696289
4 35.2060012817 -80.8290023804
5 35.293598175 -80.7350006104
1 35.2984008789 -80.6443023682
2 35.3011016846 -81.5793991089
3 35.3213996887 -81.2973022461
7 35.3381004333 -119.022499084
9 35.3422012329 -82.4713973999
1 35.3456001282 -119.07559967
2 35.3512001038 -86.1837997437
2 35.3852996826 -81.0469970703
1 35.4034004211 -80.8610992432
2 35.4239006042 -84.6680984497
1 35.4379997253 -118.831199646
1 35.4608001709 -82.471496582
3 35.4698982239 -80.8800964355
1 35.4706993103 -97.5205001831
4 35.4715003967 -97.5189971924
2 35.4761009216 -81.2539978027
3 35.506401062 -81.0371017456
7 35.5421981812 -82.99949646
1 35.5498008728 -118.917098999
1 35.5531997681 -117.676498413
1 35.5751991272 -88.8585968018
3 35.5783004761 -80.8293991089
4 35.5848007202 -78.2461013794
2 35.6218986511 -82.4709014893
1 35.6501998901 -83.9782028198
8 35.6744003296 -80.4803009033
1 35.6850013733 139.751403809
6 35.7056999207 -83.9838027954
9 35.7080001831 -97.5748977661
1 35.7173995972 -86.8926010132
5 35.7225990295 -78.8740997314
1 35.7518997192 -79.2248001099
1 35.7611999512 -81.7279968262
1 35.7666015625 -81.3355026245
7 35.7895011902 -78.8742980957
5 35.8003005981 -83.5210037231
2 35.8061981201 -105.915298462
1 35.820400238 -78.6782989502
12 35.8278007507 -78.6420974731
8 35.8479995728 -78.7004013062
2 35.8496017456 -86.3850021362
1 35.8535003662 -80.1083984375
1 35.8555984497 -83.7449035645
1 35.8590011597 -97.4339981079
7 35.8895988464 -78.9244003296
1 35.9196014404 -78.4585037231
1 35.9221000671 -95.8776016235
1 35.9253005981 -85.4555969238
3 35.9367980957 -77.8190002441
1 35.9445991516 -80.4391021729
3 35.9585990906 -119.455001831
5 35.9586982727 -80.0073013306
24 35.959400177 -86.5419998169
2 35.9724006653 -83.9595031738
1 35.9724006653 -84.290397644
1 35.9766998291 -78.554397583
1 35.9925003052 -78.9017028809
2 36.0008010864 -106.131599426
4 36.007900238 -80.3696975708
1 36.0172996521 -95.9356994629
5 36.0200004578 -75.6698989868
1 36.0211982727 -86.5595016479
10 36.0327987671 -115.024902344
2 36.0376014709 -90.9063034058
1 36.0536003113 -80.3153991699
1 36.0581016541 -94.077796936
1 36.0606994629 -95.8063964844
1 36.0609016418 -86.960899353
4 36.084400177 -79.8208999634
2 36.0863990784 -80.2636032104
2 36.0918006897 -79.450302124
3 36.0994987488 -84.550201416
3 36.1399002075 -79.2665023804
2 36.1414985657 -86.8599014282
4 36.1458015442 -86.7844009399
2 36.1459999084 -80.3243026733
9 36.1515007019 -115.204803467
10 36.1646003723 -80.37840271
5 36.1781997681 -86.6098022461
4 36.1814994812 -119.362297058
5 36.2142982483 -115.213096619
7 36.2221984863 -83.3236999512
1 36.2237014771 -82.7085037231
1 36.2265014648 -85.6802978516
1 36.2349014282 -115.290496826
2 36.3554992676 -95.602897644
4 36.3698997498 -121.84059906
2 36.3768997192 -119.184402466
3 36.401599884 -103.355003357
3 36.4290008545 -77.7247009277
1 36.4641990662 -87.379699707
1 36.5163993835 -82.5412979126
6 36.5232009888 -104.488899231
5 36.5597000122 -87.4096984863
2 36.5820007324 -93.0990982056
1 36.6175003052 -121.921302795
3 36.6463012695 -76.257598877
1 36.6753005981 -121.610198975
3 36.6859016418 -121.629302979
1 36.7043991089 -76.609703064
3 36.731098175 -83.7529983521
20 36.7557983398 -76.2928009033
3 36.7695007324 -119.795097351
1 36.778301239 -76.5987014771
1 36.788898468 -114.143096924
1 36.806098938 -76.0612030029
4 36.8372001648 -76.1464004517
6 -36.8666992188 174.766693115
3 36.873500824 -119.638198853
2 36.886100769 -76.2667999268
5 36.8928985596 -76.1467971802
1 36.9659004211 -119.305702209
2 36.9782981873 -93.2332000732
1 37.0269012451 -88.6481018066
1 37.0730018616 -95.6184005737
3 37.1170005798 -76.5134963989
2 37.1239013672 -113.58719635
2 37.1300010681 -76.450302124
1 37.1409988403 -83.737197876
1 37.1797981262 -87.6839981079
5 37.1884002686 -93.2912979126
1 37.1930999756 -121.836402893
4 37.1991004944 -121.961898804
1 37.2519989014 -79.9772033691
7 37.2555007935 -121.924499512
2 37.2667999268 -80.4325027466
3 37.2722015381 -121.843597412
1 37.2737007141 -77.2197036743
1 37.2803001404 -121.956703186
1 37.2834014893 -79.8135986328
1 37.289100647 -76.7310028076
2 37.2900009155 -120.488800049
1 37.2971992493 -121.886802673
1 37.3041992188 -122.094596863
1 37.306098938 -122.001998901
9 37.3073005676 -121.856796265
2 37.3268013 -87.4695968628
1 37.3370018005 -89.5911026001
5 37.3398017883 -77.4586029053
3 37.3422012329 -121.883300781
1 37.3442001343 -107.080200195
1 37.3507003784 -120.496398926
5 37.354801178 -88.0783996582
7 37.3648986816 -121.966003418
4 37.3702011108 -122.214500427
1 37.3842010498 -122.019599915
3 37.3874015808 -121.902397156
1 37.3886985779 -122.018798828
1 37.3960990906 -121.961700439
4 37.3973999023 -122.073196411
3 37.4169998169 -79.9131011963
5 37.4178009033 -122.17199707
1 37.4192008972 -122.057403564
1 37.4225006104 -122.142303467
5 37.4403991699 -121.870498657
2 37.4426002502 -77.6719970703
4 37.4449005127 -77.2983016968
1 37.4575996399 -122.104103088
1 37.4589996338 -122.178100586
1 37.4878997803 -82.4955978394
2 37.4980010986 -122.267196655
1 37.5037994385 -121.525299072
5 37.515499115 -121.896202087
1 37.5317001343 -86.0380020142
1 37.5331001282 -122.24710083
2 37.5353012085 -121.979202271
1 37.5372009277 -120.848701477
11 37.5401992798 -122.304100037
8 37.5409011841 -77.4801025391
4 37.5509986877 -122.077796936
1 37.5671005249 -122.371002197
3 37.5774993896 -83.7139968872
1 37.6133995056 -77.256401062
2 37.6192016602 -77.4960021973
1 37.6385002136 -121.638397217
1 37.6393013 -122.044197083
6 37.6534004211 -122.423103333
1 37.6609992981 -77.5311965942
1 37.662399292 -121.89630127
4 37.6679992676 -121.004096985
1 37.682800293 -122.457702637
2 37.7014007568 -97.4404983521
4 37.7034988403 -122.148399353
1 37.7089996338 -122.088500977
3 37.7153015137 -85.8564987183
2 37.7186012268 -121.916397095
1 37.7229995728 -122.484199524
1 37.7327003479 -89.2033996582
1 37.7337989807 -77.8880996704
1 37.7607002258 -122.484199524
30 37.7644996643 -122.429397583
4 37.7666015625 -84.3031005859
12 37.7691001892 -122.444900513
1 37.7734985352 -122.278800964
5 37.7737998962 -97.3675994873
1 37.7757987976 -122.41280365
4 37.7771987915 -122.493103027
7 37.7806015015 -121.990402222
10 37.7949981689 -122.219299316
3 37.8014984131 -79.512298584
2 37.8019981384 -99.9981994629
1 37.8115997314 -122.241996765
16 -37.8166999817 144.966705322
2 37.8172988892 -81.1613998413
1 37.8179016113 -83.7807998657
8 37.8249015808 -87.5334014893
1 37.8308982849 -122.219596863
1 37.8381004333 -122.102600098
1 37.8462982178 -103.583602905
2 -37.8666992188 144.899993896
1 37.8698997498 -122.070999146
1 37.8754005432 -121.686798096
11 37.8781013489 -122.271003723
1 37.8916015625 -122.038101196
1 37.8959007263 -122.566299438
2 37.9020996094 -122.115699768
1 37.9536018372 -122.07800293
2 37.9567985535 -87.3515014648
2 37.96849823 -84.1460037231
2 37.9719009399 -122.502296448
2 37.9796981812 -122.005599976
4 37.9887008667 -84.4879989624
3 37.9962997437 -107.880500793
3 37.9980010986 -122.521202087
2 38.004699707 -84.5334014893
1 38.0069999695 -79.0483016968
6 38.0158996582 -84.484703064
2 38.0335998535 -86.6853027344
2 38.0447006226 -92.6560974121
9 38.0615005493 -84.4565963745
5 38.0 -87.5631027222
4 38.0887985229 -78.5591964722
300 38.0 -97.0
1 38.1102981567 -78.9073028564
1 38.1162986755 -122.251602173
1 38.1300010681 -85.5793991089
2 38.1441993713 -85.6931991577
14 38.1879997253 -85.8365020752
10 38.2084999084 -85.6918029785
3 38.2251014709 -122.664703369
1 38.2356987 -84.959197998
7 38.2551994324 -85.5458984375
1 38.2579994202 -122.066802979
1 38.2705993652 -85.6237030029
1 38.2785987854 -104.6434021
1 38.3022994995 -77.484703064
2 38.3204994202 -77.4113006592
1 38.3363990784 -82.992401123
1 38.3433990479 -122.704101562
1 38.3445014954 -121.429298401
3 38.3684997559 -82.4244995117
4 38.3927993774 -122.750701904
1 38.3928985596 -78.6181030273
1 38.4207000732 -86.927696228
1 38.4230995178 -90.4005966187
4 38.4336013794 -77.3887023926
6 38.4468002319 -122.784103394
4 38.4505996704 -78.8790969849
5 38.4511985779 -90.327796936
4 38.4519004822 -77.4421005249
5 38.4578018188 -122.685302734
1 38.470199585 -77.4955978394
3 38.4828987122 -121.639801025
4 38.4981002808 -90.4599990845
3 38.5065002441 -81.925201416
7 38.5121002197 -89.8998031616
1 38.5311012268 -78.6349029541
2 38.5495986938 -121.282600403
1 38.5722007751 -90.6278991699
10 38.576499939 -121.444503784
4 38.5815010071 -76.8962020874
5 38.6026992798 -121.268699646
2 38.6262016296 -121.324798584
2 38.6290016174 -121.587097168
3 38.6385002136 -90.3025970459
4 38.6500015259 -76.8256988525
1 38.6500015259 -90.5334014893
1 38.6590003967 -78.451499939
1 38.6594009399 -93.0887985229
1 38.667098999 -121.35269928
2 38.6780014038 -77.3197021484
1 38.6845016479 -121.222297668
1 38.685798645 -90.2396011353
5 38.6885986328 -75.0733032227
2 38.6911010742 -85.8544998169
2 38.6929016113 -121.290298462
1 38.7160987854 -121.362602234
9 38.7178993225 -77.8520965576
1 38.73279953 -90.1072006226
6 38.7384986877 -90.5401992798
1 38.7438011169 -77.2332992554
2 38.7466011047 -90.2093963623
4 38.7551002502 -76.9804992676
1 38.759601593 -84.1632995605
7 38.7631988525 -121.279502869
1 38.7653007507 -82.4113998413
5 38.7705993652 -77.2156982422
2 38.7790985107 -76.7794036865
2 38.7843017578 -94.5456008911
1 38.7890014648 -90.3828964233
13 38.7909011841 -77.0947036743
5 38.8021011353 -90.6269989014
4 38.8115005493 -77.1285018921
3 38.8161010742 -90.3020019531
23 38.8176994324 -77.1527023315
2 38.8179016113 -76.9424972534
1 38.8269996643 -123.514602661
2 38.8325996399 -104.740501404
2 38.8336982727 -77.1203994751
1 38.8357009888 -76.7738037109
3 38.8357009888 -77.3375015259
1 38.8381004333 -77.212097168
2 38.8521003723 -104.777702332
2 38.8587989807 -87.43409729
1 38.8594017029 -90.4757995605
3 38.8600006104 -77.0532989502
1 38.8609008789 -104.873397827
1 38.8639984131 -77.192199707
7 38.8694000244 -77.637298584
2 38.8739013672 -77.2344970703
1 38.878200531 -77.1054000854
1 38.8821983337 -77.1410980225
1 38.8865013123 -77.0969009399
2 38.8895988464 -92.2236022949
5 38.8973007202 -77.2522964478
2 38.9067993164 -77.0427017212
27 38.9096984863 -77.0231018066
8 38.9141998291 -104.774902344
4 38.9147987366 -77.4882965088
2 38.9159011841 -94.364402771
2 38.9166984558 -94.3544998169
2 38.9212989807 -77.0385971069
1 38.9222984314 -84.7509002686
1 38.9266014099 -77.3936004639
1 38.931098938 -77.3488998413
2 38.9345016479 -77.0596008301
1 38.9353981018 -77.0283966064
3 38.9383010864 -92.2990036011
3 38.9519996643 -77.0199966431
1 38.9593009949 -94.681098938
2 38.9598999023 -76.926902771
2 38.9860992432 -76.5137023926
4 38.9905014038 -90.7789001465
3 38.9926986694 -94.2151031494
2 39.0051994324 -95.5571975708
2 39.0060997009 -94.6336975098
3 39.0070991516 -95.9231033325
2 39.0125007629 -75.6051025391
1 39.0131988525 -94.1501998901
1 39.0141983032 -76.679397583
3 39.0158004761 -77.4197998047
1 39.0164985657 -77.5062026978
3 39.0301017761 -76.6069030762
2 39.0335006714 -77.4838027954
5 39.0410995483 -76.4942016602
3 39.0456008911 -77.3852996826
4 39.0488014221 -78.3739013672
4 39.0503997803 -76.9055023193
6 39.0521011353 -77.0149993896
1 39.0704994202 -84.2802963257
2 39.0780982971 -84.3862991333
2 39.0783004761 -75.4609985352
7 39.0806999207 -77.1302032471
3 39.0835990906 -108.563102722
2 39.096698761 -76.8778991699
1 39.1022987366 -96.524597168
11 39.1024017334 -94.550201416
1 39.1068000793 -94.5660018921
1 39.1116981506 -77.5703964233
3 39.1147994995 -77.2462005615
1 39.1183013916 -76.6854019165
4 39.1209983826 -84.3283004761
2 39.1356010437 -76.8275985718
1 39.1371994019 -77.1832962036
2 39.1534996033 -77.075302124
8 39.1556015015 -106.745399475
1 39.1556015015 -94.947303772
2 39.163898468 -84.4515991211
2 39.1659011841 -84.229598999
3 39.1698989868 -84.4859008789
6 39.175201416 -77.1770019531
2 39.1763000488 -76.9710998535
2 39.1822013855 -96.5968017578
1 39.1966018677 -76.8491973877
5 39.2028007507 -82.81199646
3 39.2089996338 -94.7304992676
4 39.2486000061 -84.731300354
1 39.270401001 -94.4645996094
18 39.2767982483 -76.9014968872
1 39.2876014709 -76.5921020508
3 39.3022994995 -104.699401855
7 39.3031005859 -82.0828018188
1 39.3098983765 -123.734596252
1 39.3132019043 -77.8813018799
8 39.3180999756 -76.6139984131
1 39.3334999084 -83.0167999268
1 39.3338012695 -120.249000549
1 39.337600708 -84.4044036865
1 39.3670005798 -76.6718978882
4 39.3779983521 -104.85849762
5 39.3783988953 -75.0235977173
8 39.3870010376 -74.6216964722
2 39.3918991089 -76.5288009644
5 39.4370002747 -76.7817993164
7 39.443901062 -84.4168014526
1 39.4757003784 -75.6724014282
3 39.4793014526 -76.7981033325
1 39.4822006226 -77.4576034546
3 39.4835014343 -86.0477981567
4 39.4873008728 -105.026298523
7 39.4894981384 -104.767601013
1 39.496799469 -75.0157012939
1 39.5009994507 -87.3918991089
2 39.504901886 -118.289901733
1 39.5289993286 -104.904998779
1 39.5327987671 -84.2901000977
1 39.5382003784 -76.3518981934
9 39.5545005798 -119.80619812
2 39.5583000183 -105.08380127
2 39.559299469 -105.005599976
1 39.5690002441 -104.858200073
1 39.6050987244 -86.1440963745
1 39.6081008911 -105.207199097
1 39.6134986877 -104.903396606
1 39.6155014038 -75.7043991089
3 39.6263008118 -84.6470031738
10 39.6291007996 -77.7127990723
6 39.6402015686 -106.551002502
1 39.6412010193 -106.322799683
5 39.6416015625 -77.6780014038
1 39.6455993652 -79.9432983398
3 39.6539001465 -85.151802063
2 39.654499054 -105.448600769
2 39.6633987427 -84.2423019409
4 39.6691017151 -84.0902023315
3 39.6762008667 -104.887001038
2 39.6769981384 -104.964698792
2 39.6780014038 -83.9027023315
8 39.6817016602 -87.456703186
1 39.6837005615 -104.911399841
4 39.6918983459 -104.772499084
1 39.6976013184 -75.1827011108
2 39.7089996338 -105.091003418
1 39.7102012634 -82.193901062
1 39.7131996155 -86.2617034912
1 39.731300354 -104.969200134
1 39.7313995361 -121.801200867
1 39.7428016663 -104.89969635
7 39.7436981201 -104.979301453
23 39.7448997498 -84.1785964966
6 39.7524986267 -104.99949646
1 39.7592010498 -75.5663986206
5 39.7613983154 -75.12449646
4 39.7645988464 -77.1166000366
4 39.7723999023 -76.5845031738
2 39.7790985107 -105.309898376
8 39.7837982178 -86.0476989746
1 39.7876014709 -85.9719009399
1 39.7911987305 -89.6745986938
13 39.8061981201 -86.1407012939
3 39.8160018921 -75.5045013428
3 39.8227005005 -86.1449966431
3 39.8240013123 -75.1317977905
4 39.8288002014 -105.060699463
4 39.8320999146 -105.125198364
1 39.8413009644 -74.9375
1 39.8429985046 -75.4662017822
2 39.8630981445 -76.1524963379
1 39.867099762 -75.7118988037
1 39.8676986694 -75.0906982422
1 39.8684005737 -75.2222976685
1 39.8853988647 -85.9738006592
2 39.888999939 -84.229598999
7 39.8903999329 -75.115196228
6 39.8937988281 -105.114402771
1 39.8941993713 -75.0393981934
2 39.9010009766 -121.830596924
1 39.9051017761 -86.1158981323
3 39.9067993164 -74.99659729
1 39.9114990234 -86.070602417
3 39.9132995605 -75.0639038086
1 39.9155006409 -88.8917999268
3 39.917098999 -76.7256011963
1 39.9193000793 -75.4189987183
2 39.9319992065 -77.7069015503
3 39.9323997498 -75.3406982422
1 39.9359016418 -75.1533966064
1 39.9362983704 -108.688903809
1 39.9436988831 -79.8386001587
3 39.9482002258 -75.3054962158
1 39.9548988342 -82.7693023682
12 39.9571990967 -74.9161987305
2 39.9575996399 -74.6644973755
1 39.959400177 -75.2727966309
18 39.9609985352 -104.816596985
1 39.9609985352 -85.9837036133
2 39.964099884 -83.084602356
5 39.9649009705 -83.1382980347
2 39.9682998657 -75.8266983032
3 39.9740982056 -86.1271972656
2 39.9779014587 -75.1222991943
1 39.9808998108 -85.7489013672
1 39.9872016907 -74.1601028442
1 39.9883003235 -75.2208023071
5 39.9892997742 -74.2138977051
1 39.9892997742 -75.6119995117
2 39.9925994873 -75.1410980225
3 39.9943008423 -74.7917022705
20 39.996799469 -75.1484985352
15 39.996799469 -82.9881973267
1 40.0111999512 -76.2514038086
2 40.0141983032 -111.738899231
3 40.0153007507 -105.107597351
7 40.0173988342 -105.264701843
1 40.0191993713 -75.09400177
5 40.0231018066 -83.1809997559
4 40.0256996155 -74.8916015625
1 40.0284004211 -76.8743972778
5 40.0289993286 -83.0809020996
1 40.0306015015 -76.2983016968
1 40.0358009338 -84.1774978638
1 40.0378990173 -79.1203994751
6 40.0485992432 -83.0726013184
2 40.0583992004 -75.1047973633
3 40.0635986328 -75.0796966553
1 40.0675010681 -85.6041030884
2 40.0754013062 -76.318901062
3 40.0853004456 -82.9751968384
5 40.0877990723 -105.373497009
1 40.0968017578 -80.9173965454
2 40.1008987427 -75.6409988403
3 40.104598999 -74.3459014893
19 40.1071014404 -82.8981018066
5 40.1171989441 -74.8495025635
1 40.1240997314 -82.3827972412
3 40.1324996948 -75.3323974609
1 40.1366996765 -79.4132995605
2 40.1367988586 -122.430999756
2 40.1370010376 -75.206199646
1 40.1384010315 -82.9105987549
3 40.1492996216 -74.5550994873
11 40.1526985168 -74.8479995728
6 40.154499054 -75.380897522
1 40.1576004028 -75.2757034302
1 40.1615982056 -82.6540985107
2 40.1749992371 -76.307800293
1 40.1804008484 -74.8929977417
1 40.1808013916 -77.2138977051
6 40.182598114 -75.2586975098
7 40.1876983643 -75.0057983398
1 40.1879005432 -75.4253997803
5 40.1957015991 -74.8126983643
6 40.1986999512 -74.7070007324
1 40.2000999451 -74.6967010498
4 40.20470047 -88.8106994629
4 40.2053985596 -82.8728027344
5 40.2182006836 -74.0709991455
1 40.2262001038 -75.2930984497
1 40.2321014404 -74.2985992432
1 40.2378997803 -76.9227981567
3 40.248500824 -74.53150177
1 40.2587013245 -75.5104980469
4 40.2612991333 -111.627098083
4 40.2644996643 -74.0210037231
2 40.2655982971 -94.0121002197
1 40.283000946 -74.6216964722
1 40.2850990295 -85.8284988403
1 40.2864990234 -75.2951965332
13 40.2909011841 -74.1651992798
1 40.2911987305 -105.081596375
2 40.2918014526 -77.0021972656
4 40.3003997803 -111.703796387
2 40.3083992004 -76.6953964233
1 40.3160018921 -82.685798645
6 40.3177986145 -79.7176971436
1 40.3186988831 -86.4688034058
5 40.3219985962 -111.746696472
2 40.3288993835 -74.5857009888
8 40.331401825 -80.0821990967
1 40.3316993713 -94.8759002686
8 40.3320999146 -75.1178970337
1 40.3325004578 -75.8559036255
1 40.3338012695 -74.7909011841
1 40.3375015259 -75.9445037842
1 40.3376998901 -78.9010009766
1 40.3418006897 -76.4319992065
2 40.351398468 -79.2574996948
2 40.3689994812 -80.0457000732
1 40.3852996826 -75.6260986328
3 40.3930015564 -111.783798218
6 40.3958015442 -74.3255004883
1 40.4051017761 -80.0352020264
1 40.4067001343 -80.1108016968
1 40.4169006348 -74.2578964233
3 40.423500061 -79.7587966919
5 40.425201416 -104.744796753
1 40.4398002625 -86.089302063
1 40.4412994385 -80.1063995361
2 40.4455986023 -79.9794006348
5 40.448299408 -74.4430999756
1 40.4618988037 -74.3561019897
3 40.4681015015 -79.9113998413
3 40.473400116 -88.9915008545
2 40.4762992859 -86.9570999146
5 40.4774017334 -112.008201599
1 40.4833984375 -74.4432983398
6 40.4980010986 -74.6865005493
1 40.4981002808 -74.5244979858
6 40.4981994629 -111.843597412
2 40.4998016357 -80.1841964722
1 40.5024986267 -75.5867996216
5 40.5031013489 -74.4289016724
1 40.5037002563 -111.707496643
1 40.5102996826 -88.9980010986
1 40.5153007507 -83.9209976196
1 40.5161018372 -80.0374984741
6 40.518901825 -75.5012969971
3 40.5285987854 -86.1675033569
5 40.5301017761 -75.1249008179
1 40.5377998352 -74.3713989258
17 40.5377998352 -75.7811965942
6 40.5465011597 -80.0524978638
6 40.5494003296 -89.6251983643
1 40.5516014099 -74.4636993408
1 40.5597991943 -111.966499329
6 40.561000824 -105.053596497
1 40.5727996826 -79.7248001099
4 40.5750999451 -111.823196411
5 40.5833015442 -73.9240036011
3 40.5864982605 -74.1496963501
7 40.5873985291 -75.0914001465
5 40.5900001526 -73.6445999146
9 40.5901985168 -75.3546981812
3 40.5918006897 -74.7049026489
4 40.5960998535 -73.973197937
4 40.6008987427 -73.9396972656
1 40.6012001038 -75.5214996338
1 40.6053009033 -111.987503052
2 40.6082000732 -122.347602844
2 40.6100006104 -73.9107971191
1 40.6223983765 -74.3124008179
3 40.6236000061 -75.6216964722
1 40.6259994507 -74.0942001343
4 40.6307983398 -74.5121994019
15 40.6332015991 -73.9966964722
2 40.636100769 -75.3648986816
2 40.6399993896 -79.1294021606
1 40.6421012878 -79.9445037842
11 40.6525001526 -73.9553985596
4 40.6538009644 -73.6082000732
2 40.6552009583 -75.381401062
1 40.6558990479 -74.3044967651
4 40.6570014954 -74.0080032349
5 40.6594009399 -73.8448028564
6 40.6694984436 -73.5110015869
3 40.670501709 -74.1063995361
1 40.6712989807 -75.6207962036
10 40.6725997925 -73.5363998413
1 40.673500061 -73.492401123
2 40.6758995056 -73.7968978882
2 40.6759986877 -73.9628982544
2 40.6761016846 -74.5729980469
5 40.6766014099 -74.4201965332
7 40.6789016724 -73.4474029541
9 40.6809005737 -73.8485031128
2 40.6809005737 -73.9462966919
2 40.686000824 -73.792098999
1 40.6861991882 -73.4123001099
5 40.6944007874 -73.9906005859
9 40.6944999695 -74.2689971924
5 40.7020988464 -73.706199646
1 40.711101532 -73.9468994141
7 40.7139015198 -74.0078964233
1 40.7160987854 -73.7675018311
2 40.7162017822 -74.6183013916
1 40.7173995972 -111.553398132
1 40.7223014832 -74.4037017822
4 40.7229003906 -73.8423995972
1 40.7234992981 -73.8611984253
9 40.7242012024 -111.878700256
1 40.7248001099 -73.9114990234
7 40.7252006531 -73.9802017212
4 40.7308998108 -77.8860015869
2 40.7336006165 -96.6393966675
9 40.7340011597 -74.1867980957
5 40.7354011536 -73.8783035278
5 40.7355003357 -74.1741027832
1 40.7364006042 -74.0724029541
1 40.7386016846 -73.7223968506
1 40.7391014099 -74.1945037842
2 40.7400016785 -73.9360961914
1 40.7405014038 -73.4840011597
1 40.742099762 -74.0018005371
3 40.7425994873 -89.5710983276
1 40.7458000183 -74.0320968628
3 40.7481994629 -73.9067993164
4 40.7515983582 -74.1202011108
3 40.7518005371 -74.0662002563
6 40.7588005066 -73.9680023193
1 40.7597999573 -111.862602234
1 40.7599983215 -73.8275985718
1 40.761100769 -73.9319000244
31 40.7619018555 -73.9763031006
4 40.7621994019 -73.9121017456
1 40.7626991272 -73.3227005005
1 40.7626991272 -74.4208984375
2 40.7630996704 -86.091796875
1 40.7638015747 -73.8709030151
4 40.7639007568 -74.212600708
1 40.7644004822 -74.1878967285
1 40.766998291 -73.5253982544
1 40.7683982849 -74.4942016602
1 40.7731018066 -80.1137008667
1 40.7769012451 -73.981300354
1 40.7804985046 -73.9512023926
1 40.7820014954 -73.4738998413
2 40.784198761 -73.8422012329
3 40.7849998474 -73.4061965942
1 40.7851982117 -73.727897644
1 40.7878990173 -74.0102005005
6 40.7919006348 -74.263999939
1 40.7938995361 -73.6862030029
1 40.7980995178 -73.0680007935
15 40.7989006042 -73.7313995361
12 40.8005981445 -73.9653015137
2 40.8031997681 -76.9646987915
1 40.8133010864 -89.4086990356
1 40.8152008057 -73.3623962402
6 40.8156013489 -73.1181030273
6 40.8199996948 -96.6806030273
1 40.8222007751 -75.6741027832
8 40.8240013123 -74.3687973022
7 40.8291015625 -73.9490966797
1 40.8293991089 -73.5052032471
1 40.831401825 -72.9757995605
1 40.8333015442 14.25
2 40.8392982483 -73.2797012329
4 40.8446998596 -74.4781036377
3 40.8451004028 -73.8802032471
1 40.8483009338 -73.9725036621
9 40.849899292 -73.8768997192
1 40.8503990173 -73.9368972778
1 40.8535995483 -124.050201416
1 40.8554992676 -74.1268005371
1 40.8590011597 -73.1200027466
3 40.8596992493 -74.4026031494
4 40.8647994995 -73.8867034912
1 40.8718986511 -73.4347000122
16 40.8727989197 -73.8286972046
8 40.8731994629 -73.081199646
1 40.8741989136 -73.6231994629
3 40.876701355 -73.9056015015
3 40.8816986084 -72.5363998413
1 40.8889007568 -74.0119018555
1 40.8914985657 -73.9470977783
1 40.9129981995 -73.0431976318
1 40.9133987427 -89.5326004028
3 40.9140014648 -79.9319992065
8 40.9217987061 -73.7835998535
1 40.9263000488 -74.0381011963
1 40.9271011353 -74.3039016724
1 40.9317016602 -73.1141967773
1 40.9329986572 -74.0177001953
1 40.9364013672 -74.1184005737
1 40.9387016296 -99.986000061
1 40.9403991699 -73.9576034546
1 40.9406013489 -72.8348007202
2 40.9421005249 -90.3779983521
1 40.9486999512 -74.2413024902
2 40.9492988586 -83.9346008301
2 40.9513015747 -73.7875976562
2 40.9558982849 -72.9712982178
6 40.9677009583 -74.608001709
9 40.9677009583 -74.7509002686
2 40.9789009094 -81.5242996216
1 40.9812011719 -76.9587020874
1 40.9816017151 -74.1138000488
1 40.9817008972 -76.1129989624
3 40.9854011536 -91.2878036499
6 40.9967002869 -72.3226013184
4 40.9986991882 -74.1644973755
1 41.0018997192 -74.2847976685
7 41.0101013184 -73.8413009644
1 41.0111999512 -74.2080993652
2 41.0138015747 -74.1228027344
1 41.0222015381 -73.8125
1 41.0232009888 -73.6794967651
2 41.0232009888 -81.6278991699
3 41.0260009766 -73.9484024048
3 41.0284996033 -111.920501709
2 41.0290985107 -73.7580032349
1 41.0429000854 -73.6268005371
1 41.0559005737 -78.412902832
9 41.061000824 -73.5429000854
1 41.0611991882 -73.8220977783
1 41.0666999817 -74.8127975464
9 41.0737991333 -81.5373001099
17 41.0752983093 -73.4810028076
1 41.077999115 -74.176399231
4 41.0857009888 -73.5448989868
2 41.086101532 -73.9284973145
2 41.0871009827 -80.6615982056
2 41.0996017456 -85.0634994507
1 41.1171989441 -78.6860961914
3 41.1198997498 -95.908203125
1 41.1265983582 -88.8452987671
1 41.1271018982 -73.4415969849
3 41.1425018311 -95.8951034546
2 41.1482009888 -81.4736022949
1 41.1548995972 -85.2570037842
4 41.1660003662 -80.0615005493
1 41.1745986938 -73.2843017578
1 41.1792984009 -74.4516983032
2 41.1851005554 -80.7422027588
2 41.1879005432 -73.8314971924
5 41.1962013245 -73.2445983887
2 41.209400177 -73.44090271
2 41.2153015137 -73.87159729
3 41.2246017456 -73.3768005371
4 41.2247009277 -80.8240966797
8 41.2282981873 -75.7935028076
10 41.2304992676 -73.1257019043
3 41.2388000488 -81.8314971924
2 41.2598991394 -73.2076034546
4 41.2602996826 -96.0463027954
4 41.2639007568 -74.3634033203
2 41.2729988098 -72.9573974609
6 41.2793998718 -73.0328979492
3 41.28099823 -86.6210021973
1 41.2832984924 -72.8653030396
1 41.2916984558 -96.1710968018
2 41.2988014221 -72.5363006592
8 41.2993011475 -96.1666030884
2 41.3069000244 -96.1063995361
2 41.3093986511 -72.9240036011
1 41.3111000061 -72.9241027832
11 41.3140983582 -81.6731033325
1 41.3146018982 -81.7447967529
10 41.3152008057 -81.4404983521
5 41.3317985535 -75.734703064
1 41.3386001587 -72.7390975952
1 41.3432998657 -73.0653991699
4 41.353099823 -73.0018005371
1 41.3616981506 -71.8023986816
3 41.3618011475 -74.1187973022
1 41.3749008179 -71.976600647
1 41.3785018921 -81.9235992432
2 41.3806991577 -73.3915023804
1 41.386100769 -81.7101974487
1 41.3861999512 -81.7914962769
4 41.3916015625 -81.6417999268
2 41.396900177 -87.3274002075
2 41.3988990784 -83.6539001465
3 41.401599884 -82.7310028076
9 41.4109992981 -95.0121994019
2 41.4163017273 -81.3500976562
1 41.4171981812 -73.5970993042
2 41.427898407 -71.5363998413
2 41.4351997375 -81.810798645
1 41.4379005432 -81.5365982056
3 41.4462013245 -81.3960037231
1 41.4468994141 -77.0401992798
5 41.4537010193 -70.5634002686
2 41.4566001892 -72.8103027344
1 41.4604988098 -87.0699005127
2 41.4614982605 -84.5531005859
4 41.4617996216 -72.6774978638
1 41.4618988037 -87.0008010864
1 41.462600708 -72.130897522
3 41.467300415 -73.3882980347
2 41.4678993225 -74.4061965942
1 41.4698982239 -81.8494033813
1 41.4701004028 -81.3321990967
13 41.4789009094 -81.6473007202
4 41.4850997925 -71.3075027466
2 41.4872016907 -73.5902023315
1 41.4916000366 -81.9536972046
3 41.4968986511 -82.0177001953
2 41.4972991943 -81.4713973999
4 41.518699646 -88.1130981445
7 41.5211982727 -90.3858032227
3 41.5311012268 -93.5705032349
1 41.5372009277 -72.7800979614
3 41.5374984741 -74.0512008667
3 41.5497016907 -72.6530990601
1 41.5525016785 -86.9056015015
6 41.5584983826 -73.0330963135
1 41.5646018982 -75.543296814
1 41.5654983521 -85.3377990723
10 41.574798584 -70.6275024414
1 41.5755004883 -83.6847000122
1 41.5853996277 -71.2574005127
1 41.586101532 -73.8830032349
5 41.5876998901 -71.4623031616
2 41.5898017883 -93.6184005737
1 41.5938987732 -90.3034973145
1 41.5948982239 -122.9661026
1 41.6004981995 -72.8764038086
3 41.6024017334 -74.0033035278
1 41.6035003662 -72.7762985229
1 41.6044998169 -87.9955978394
1 41.6090011597 -88.7697982788
21 41.6113014221 -88.2483978271
5 41.6123008728 -73.4120025635
2 41.613899231 -93.7854995728
1 41.6152992249 -73.1154022217
1 41.6353988647 -70.9434967041
3 41.6427993774 -86.075302124
1 41.6571998596 -72.8034973145
3 41.6618003845 -87.7889022827
6 41.6627998352 -70.9447021484
1 41.6642990112 -73.0195007324
3 41.6649017334 -70.8108978271
7 41.6654014587 -83.5811004639
1 41.6713981628 -87.7370986938
3 41.676700592 -87.493598938
2 41.6769981384 -73.8619003296
1 41.6814994812 -87.9705963135
5 41.6906013489 -88.1076965332
1 41.6930007935 -83.7273025513
2 41.6945991516 -91.5953979492
1 41.6959991455 -70.6218032837
1 41.6962013245 -76.1405029297
4 41.6969985962 -71.5253982544
7 41.7030982971 -93.7203979492
6 41.7037010193 -72.6628036499
6 41.7038002014 -73.9217987061
2 41.7047996521 -111.870903015
1 41.7069015503 -88.1977996826
4 41.7071990967 -70.2298965454
3 41.7090988159 -87.7595977783
1 41.7094993591 -90.2760009766
1 41.7137985229 -70.8996963501
5 41.7178993225 -85.9664001465
2 41.7207984924 -87.7017974854
4 41.7248001099 -93.6016998291
6 41.7252006531 -72.829498291
3 41.7299003601 -71.2582015991
2 41.7304992676 -71.1145019531
1 41.7394981384 -71.3207015991
1 41.7402992249 -87.6539993286
3 41.7439002991 -87.9343032837
1 41.7448005676 -72.6120986938
2 41.7510986328 -88.1462020874
1 41.7536010742 -71.5595016479
1 41.7583007812 -74.0656967163
4 41.7598991394 -88.5626983643
1 41.7643013 -91.632598877
3 41.7690010071 -72.6835021973
15 41.7745018005 -70.6513977051
2 41.7816009521 -72.1809997559
1 41.7834014893 -87.8237991333
2 41.7853012085 -87.773399353
1 41.7869987488 -88.0832977295
4 41.7900009155 -73.8873977661
1 41.7939987183 -83.5878982544
4 41.801399231 -87.6005020142
1 41.8133010864 -71.3619003296
4 41.824798584 -89.7326965332
5 41.8366012573 -72.4632034302
5 41.8438987732 -86.2164001465
1 41.8446006775 -87.7171020508
3 41.8520011902 -88.1211013794
1 41.8527984619 -72.7361984253
1 41.8527984619 -80.7904968262
4 41.8616981506 -74.1023025513
5 41.8648986816 -87.9013977051
88 41.8675003052 -87.6744003296
3 41.8734016418 -70.6393966675
1 41.8779983521 -88.0162963867
1 41.8783988953 -71.3538970947
10 41.8800010681 -88.3587036133
1 41.8801002502 -87.6271972656
5 41.8807983398 -87.723197937
1 41.8813018799 -87.8441009521
14 41.8824005127 -87.6376037598
1 41.8933982849 -84.06590271
1 41.8997993469 -87.6368026733
2 41.9000015259 12.483300209
50 41.9015007019 -85.0345993042
10 41.9113006592 -71.1299972534
1 41.9137001038 -90.2711029053
2 41.9152984619 -88.1287002563
1 41.917098999 -71.4422988892
2 41.9206008911 -87.7016983032
6 41.9230995178 -87.8395996094
2 41.9231987 -87.8057022095
2 41.9309997559 -88.0090026855
1 41.9373016357 -87.6550979614
4 41.9388999939 -73.9900970459
2 41.9463005066 -87.8126983643
2 41.9505004883 -83.4457015991
1 41.9560012817 -71.4337997437
3 41.9560012817 -87.660697937
4 41.9655990601 -71.3256988525
7 41.9702987671 -70.9767990112
4 41.9712982178 -87.7981033325
4 41.973400116 -88.2064971924
1 41.984500885 -72.5570983887
3 41.9880981445 -86.1089019775
5 41.9882011414 -91.7535018921
1 41.9896011353 -87.7036972046
1 41.9907989502 -72.4516983032
6 41.9980010986 -71.494102478
1 41.9986000061 -87.9028015137
1 42.007598877 -87.695602417
1 42.0106010437 -88.667098999
1 42.0158004761 -87.842300415
1 42.0180015564 -97.4542999268
5 42.021900177 -93.4350967407
1 42.0261993408 -71.0845031738
1 42.03099823 -87.8112030029
2 42.0332984924 -82.9167022705
1 42.0382003784 -87.7285003662
9 42.0447998047 -87.7011032104
1 42.0567016602 -76.0271987915
1 42.0643005371 -87.9921035767
4 42.0746002197 -83.2266998291
1 42.0772018433 -87.7285995483
1 42.0792999268 -88.2237014771
3 42.0803985596 -70.9393005371
1 42.0854988098 -87.8246994019
6 42.1101989746 -80.0681991577
1 42.1129989624 -87.9806976318
2 42.1152992249 -80.1292037964
2 42.1193008423 -70.9589996338
1 42.1393013 -75.8797988892
3 42.1459999084 -76.0908966064
2 42.1482009888 -83.8149032593
1 42.1507987976 -70.8227996826
5 42.1511993408 -71.2568969727
2 42.1543998718 -71.5210037231
3 42.1562995911 -122.529800415
5 42.1584014893 -88.1592025757
1 42.1617012024 -88.3284988403
1 42.1682014465 -89.7268981934
3 42.1692008972 -72.8541030884
1 42.1733016968 -72.7714996338
2 42.1753005981 -77.1268997192
1 42.1761016846 -71.5999984741
1 42.1926002502 -72.4598007202
2 42.1949996948 -83.1650009155
1 42.2008018494 -88.0429992676
1 42.2032012939 -71.0095977783
3 42.2037010193 -122.81300354
1 42.2061004639 -83.2060012817
3 42.2080993652 -70.7750015259
5 42.2093009949 -70.9326019287
1 42.2126998901 -84.3956985474
1 42.2167015076 -83.7406005859
2 42.2262992859 -95.9711990356
1 42.2324981689 -87.9634017944
1 42.238899231 -71.0810012817
2 42.2429008484 -71.009803772
3 42.246799469 -84.3620986938
2 42.248500824 -71.7656021118
2 42.2527008057 -84.2889022827
1 42.2616996765 -90.477897644
1 42.2647018433 -71.8088989258
4 42.2653999329 -71.0185012817
3 42.2658004761 -71.610496521
1 42.2667007446 -88.0507965088
8 42.2667999268 -83.8562011719
12 42.2694015503 -85.5602035522
16 42.2710990906 -89.0593032837
1 42.2766990662 -88.307800293
7 42.2788009644 -71.4434967041
3 42.2793006897 -71.2450027466
1 42.2804985046 -88.2018966675
2 42.2832984924 -87.9606018066
1 42.2843017578 -85.2293014526
4 42.2848014832 -71.0740966797
1 42.2855987549 -83.4858016968
3 42.2876014709 -122.900100708
3 42.2890014648 -83.368598938
5 42.292301178 -83.7145004272
2 42.3011016846 -71.4393005371
2 42.3027000427 -83.2455978394
10 42.3036994934 -93.6804962158
1 42.3044013977 -85.6292037964
1 42.3103981018 -83.3697967529
4 42.3116989136 -71.7959976196
1 42.3137016296 -84.0236968994
1 42.322101593 -71.1333999634
3 42.3241004944 -83.7113037109
2 42.3251991272 -83.3452987671
4 42.3291015625 -83.487701416
4 42.3292999268 -78.1567001343
2 42.3325996399 -71.1281967163
22 42.3333015442 -83.0333023071
5 42.334400177 -83.2751998901
3 42.3366012573 -71.0726013184
1 42.3386001587 -71.8531036377
4 42.3424987793 -71.0677032471
1 42.3457984924 -71.5505981445
2 42.3646011353 -71.1027984619
5 42.3652000427 -71.0550994873
3 42.3661994934 -83.1015014648
7 42.3676986694 -88.1496963501
3 42.3838005066 -82.923500061
4 42.3891983032 -71.237197876
1 42.3895988464 -72.4533996582
4 42.3897018433 -71.5401000977
1 42.3899993896 -85.1946029663
2 42.3908004761 -71.0924987793
1 42.3998985291 -83.2909011841
12 42.4000015259 -82.1832962036
6 42.4029998779 -71.2590026855
4 42.4063987732 -71.0512008667
1 42.408000946 -79.3239974976
2 42.4085006714 -88.0634002686
2 42.4160995483 -71.1612014771
8 42.4163017273 -70.9969024658
1 42.4165000916 -83.5297012329
1 42.4165992737 -71.1468963623
3 42.4247016907 -71.1111984253
2 42.4281005859 -71.0546035767
2 42.4281997681 -71.3162994385
2 42.4413986206 -83.654296875
1 42.4440002441 -122.174102783
1 42.4485015869 -76.4804000854
1 42.4510002136 -88.2212982178
1 42.45470047 -71.1501998901
1 42.4574012756 -71.2177963257
1 42.4580993652 -83.9468002319
3 42.4589996338 -123.373100281
3 42.4617996216 -92.2976989746
4 42.4631996155 -96.3219985962
21 42.4665985107 -83.1781997681
1 42.4692993164 -83.0546035767
2 42.4790992737 -83.2490997314
1 42.4894981384 -83.1418991089
1 42.5027999878 -83.7694015503
2 42.5153007507 -70.9075012207
1 42.5153007507 -82.9841995239
3 42.5191993713 -79.1802978516
1 42.5215988159 -83.1632995605
1 42.5243988037 -71.7657012939
17 42.5323982239 -70.9736022949
2 42.5368003845 -83.1464004517
7 42.5376014709 -87.8575973511
7 42.543598175 -83.2791976929
1 42.5493011475 -71.2557983398
1 42.5530014038 -83.4802017212
1 42.554599762 -82.917098999
2 42.5652999878 -70.8578033447
2 42.5709991455 -71.2754974365
1 42.5746002197 -88.3945999146
5 42.5778007507 -83.1482009888
1 42.57970047 -84.4602966309
2 42.5803985596 -71.0869979858
7 42.582901001 -83.033996582
1 42.5852012634 -87.8635025024
12 42.5887985229 -71.4415969849
2 42.590801239 -71.8054962158
1 42.5909996033 -73.7870025635
1 42.5988006592 -83.0103988647
2 42.6096000671 -83.0515975952
4 42.6096992493 -73.8678970337
4 42.6179008484 -70.7154006958
2 42.6269989014 -70.8601989746
1 42.6318016052 -85.2930984497
3 42.6319999695 -71.3888015747
1 42.6338996887 -71.2957000732
3 42.6416015625 -71.3225021362
1 42.643901825 -83.0503997803
5 42.6502990723 -82.9256973267
3 42.658000946 -83.1843032837
3 42.6590003967 -71.4484024048
5 42.6599006653 -83.1237030029
4 42.6674003601 -88.9455032349
2 42.6706008911 -73.7790985107
1 42.6711006165 -82.99949646
1 42.6803016663 -84.5631027222
1 42.6822013855 -83.1519012451
6 42.6884002686 -83.3864974976
3 42.6972999573 -84.5302963257
5 42.7084007263 -71.1435012817
22 42.7285003662 -84.5662002563
3 42.7340011597 -87.8210983276
1 42.7393989563 -112.520896912
1 42.7421989441 -84.5254974365
1 42.7453994751 -84.4604034424
1 42.7526016235 -90.4890975952
10 42.7551002502 -71.4852981567
1 42.7624015808 -73.6463012695
2 42.7705001831 -83.7466964722
1 42.7853012085 -83.5864028931
1 42.7949981689 -71.2256011963
1 42.7958984375 -71.0569992065
1 42.7976989746 -83.8178024292
1 42.8059997559 -73.9415969849
4 42.823299408 -73.9201965332
4 42.8325996399 -77.3096008301
1 42.8456993103 -78.818901062
1 42.8497009277 -84.145401001
2 42.8526000977 -86.1262969971
7 42.8540992737 -70.9521026611
3 42.8571014404 -73.7993011475
1 42.8625984192 -73.0998001099
1 42.8791999817 -78.8145980835
2 42.8869018555 -88.0095977783
15 42.8914985657 -71.2787017822
4 42.904499054 -106.324798584
6 42.9095993042 -78.8291015625
5 42.917301178 -73.7349014282
1 42.9196014404 -83.649597168
1 42.926399231 -78.7479019165
4 42.9286003113 -84.7957000732
17 42.9384002686 -85.6436004639
1 42.9396018982 -71.5353012085
22 42.9402999878 -71.4434967041
1 42.9462013245 -78.8616027832
5 42.9536018372 -85.6576004028
3 42.9623985291 -75.9602966309
3 42.9667015076 -82.4000015259
10 42.9832992554 -81.25
2 42.9858016968 -84.8431015015
2 42.9964981079 -84.1874008179
5 43.004699707 -87.9430999756
3 43.0056991577 -73.8628005981
1 43.0108985901 -78.9573974609
1 43.0317993164 -70.853302002
4 43.0443000793 -83.519203186
4 43.0462989807 -77.689201355
2 43.051399231 -76.1494979858
19 43.0522003174 -87.9649963379
8 43.0606002808 -88.0980987549
5 43.0648994446 -71.4112014771
11 43.0676994324 -70.8007965088
4 43.0705986023 -96.2343978882
3 43.0713996887 -89.3932037354
1 43.0840988159 -82.4905014038
1 43.0880012512 -91.327003479
4 43.0999984741 -79.0500030518
6 43.1004981995 -77.4260025024
7 43.1016998291 -78.9498977661
2 43.1026992798 -86.2238998413
2 43.1097984314 -76.1995010376
1 43.1113014221 -77.4942016602
2 43.115398407 -77.5576019287
5 43.1160011292 -88.5190963745
2 43.1195983887 -71.9317016602
1 43.126701355 -77.7315979004
3 43.1310997009 -88.335899353
1 43.1330986023 -89.3490982056
1 43.148601532 -88.1246032715
7 43.1500015259 -79.5
6 43.1666984558 -79.2332992554
17 43.1693000793 -77.6188964844
3 43.1772003174 -86.2732009888
1 43.185798645 -77.6024017334
6 43.1870994568 -70.9100036621
2 43.2108001709 -76.1362991333
8 43.2186012268 -77.4494018555
1 43.2279014587 -77.3094024658
3 43.2333984375 -85.5239028931
1 43.234500885 -71.5226974487
6 43.2486000061 -86.1382980347
1 43.2487983704 -99.3958969116
3 43.2508010864 -77.9245986938
2 43.2571983337 -77.6681976318
14 43.25 -79.8332977295
2 43.2718009949 -71.6044006348
1 43.3101005554 -73.6432037354
5 43.3175010681 -88.3662033081
1 43.3199005127 -70.6317977905
1 43.32970047 -87.929397583
1 43.3833007812 -80.7166976929
9 43.4155006409 -83.8991012573
9 43.4500007629 -80.5
2 43.4570999146 -93.6660995483
4 43.4961013794 -70.4886016846
1 43.5397987366 -96.7163009644
6 43.5415992737 -70.4686965942
5 43.5499992371 -80.25
1 43.595199585 -116.195396423
1 43.5954017639 -96.7016983032
4 43.5992012024 -116.423500061
9 43.6161003113 -116.199897766
1 43.643901825 -84.2976989746
4 43.645198822 -95.0148010254
8 43.6500015259 -79.9332962036
2 43.6582984924 -93.3759002686
7 43.6589012146 -70.2614974976
17 43.6666984558 -79.4167022705
1 43.6724014282 -70.2848968506
7 43.6833000183 -79.7667007446
5 43.6866989136 -79.4867019653
1 43.7000007629 -79.5667037964
1 43.7135009766 -116.185302734
1 43.7224006653 -70.4621963501
3 43.7225990295 -72.1342010498
1 43.7616004944 -70.8078994751
3 43.7624015808 -88.5382995605
3 43.7832984924 -79.5999984741
1 43.7981987 -91.1286010742
5 43.7999992371 -79.4167022705
8 43.8666992188 -79.2667007446
1 43.8666992188 -79.4332962036
3 43.8950996399 -105.549003601
3 43.9000015259 -78.8666992188
1 43.9166984558 -78.5832977295
4 43.9291992188 -123.086700439
10 43.9602012634 -69.9654006958
2 43.9646987915 -121.341003418
1 43.9738998413 -72.7016983032
5 43.9785995483 -75.9003982544
1 43.9805984497 -75.554397583
1 44.0069007874 -91.2272033691
1 44.0134010315 -75.8336029053
2 44.0301017761 -92.4621963501
3 44.0485992432 -123.219703674
5 44.0499992371 -79.4499969482
2 44.0606002808 -103.217201233
1 44.0640983582 -72.1953964233
3 44.0649986267 -69.0884017944
1 44.0666999817 -81.5832977295
1 44.0744018555 -121.257400513
3 44.0746994019 -84.4347000122
1 44.07970047 -122.906303406
3 44.0844993591 -70.1696014404
1 44.1610984802 -92.1453018188
1 44.1833000183 28.6499996185
1 44.256401062 -85.5347976685
4 44.2627983093 -121.226799011
3 44.2760009766 -88.3730010986
2 44.2795982361 -88.4121017456
2 44.2864990234 -88.3156967163
1 44.3106994629 -72.8246994019
1 44.3130989075 -69.9645004272
4 44.3989982605 -122.561302185
6 44.4023017883 -109.534698486
1 44.4496002197 -95.7457962036
4 44.4929008484 -73.2253036499
1 44.4962997437 -73.1836013794
2 44.5054016113 -87.9665985107
6 44.5200004578 -79.9899978638
7 44.532699585 -73.0579986572
1 44.5421981812 -100.275398254
2 44.5526008606 -89.5167007446
1 44.5667991638 -69.8822021484
1 44.5708999634 -88.1167984009
3 44.5709991455 -93.3500976562
5 44.5923995972 -75.1060028076
1 44.6306991577 -93.3033981323
3 44.6363983154 -123.006500244
1 44.6500015259 -63.5999984741
1 44.6516990662 -73.147102356
10 44.6848983765 -92.8849029541
1 44.7050018311 -96.2518005371
7 44.7196998596 -73.302696228
3 44.7262001038 -68.5995025635
2 44.7560005188 -93.2810974121
3 44.7779998779 -85.3897018433
1 44.7798995972 -93.2736968994
6 44.7821006775 -96.710899353
2 44.7915992737 -87.4670028687
4 44.8065986633 -68.5727996826
3 44.809299469 -93.1975021362
1 44.8310012817 -93.047203064
1 44.8339996338 -91.5728988647
1 44.8768005371 -93.476600647
3 44.8806991577 -98.5738983154
4 44.8838996887 -93.0400009155
6 44.9053993225 -92.8828964233
1 44.9166984558 -79.3666992188
1 44.9277992249 -93.1162033081
4 44.9328994751 -93.0899963379
5 44.9486999512 -93.1001968384
2 44.9500007629 -123.019798279
2 44.9520988464 -73.5810012817
2 44.9543991089 -122.713798523
4 44.9555015564 -93.1669998169
1 44.9556999207 -97.1060028076
10 44.957901001 -73.6959991455
1 44.9585990906 -72.9114990234
14 44.9729003906 -93.2873001099
13 44.9758987427 -93.2165985107
19 44.9822998047 -93.3062973022
4 45.0056991577 -93.3786010742
3 45.0059013367 -93.4304962158
3 45.0112991333 -89.6150970459
1 45.023601532 -123.112503052
6 45.0400009155 -93.4852981567
1 45.065700531 -83.4552001953
1 45.0728988647 -92.0084991455
2 45.0937995911 -93.0022964478
1 45.1059989929 -95.0278015137
4 45.1194000244 -93.3361968994
6 45.1651992798 -93.1889038086
14 45.1674003601 -93.1222991943
1 45.1707992554 -93.5757980347
4 45.1845016479 -93.8396987915
1 45.2000007629 -67.2667007446
1 45.2093009949 -93.6592025757
1 45.2372016907 -91.5006027222
1 45.2420005798 -93.6584014893
3 45.2448997498 -123.111198425
1 45.287399292 -93.4336013794
3 45.3218002319 -122.523101807
1 45.3233985901 -122.982002258
1 45.3256988525 -95.1088027954
5 45.3333015442 -79.2166976929
1 45.3422012329 -122.663902283
3 45.3448982239 -84.9150009155
1 45.3833007812 -73.75
1 45.3884010315 -122.594497681
1 45.4067001343 -93.0301971436
1 45.4104003906 -122.702003479
4 45.4166984558 -75.6999969482
1 45.4443016052 -122.966300964
5 45.4449996948 -122.534103394
2 45.4459991455 -122.882003784
17 45.4500007629 -73.4832992554
2 45.4500007629 -73.5667037964
1 45.4500007629 -73.8499984741
1 45.4508018494 -93.5855026245
5 45.4509010315 -122.69619751
4 45.4804000854 -122.835601807
5 45.4832992554 -75.6500015259
10 45.4980010986 -122.778396606
1 45.4986991882 -122.721702576
5 45.5153007507 -122.558601379
1 45.5153999329 -122.498001099
17 45.5183982849 -122.655403137
12 45.5222015381 -122.859298706
4 45.5331993103 -122.682701111
5 45.5 -73.5832977295
9 45.5808982849 -94.2080993652
1 45.5999984741 -73.5333023071
1 45.6102981567 -122.745498657
8 45.6446990967 -122.629798889
1 45.6548995972 -94.0843963623
12 45.6675987244 -122.606300354
3 45.6739006042 -87.3927001953
1 45.6740989685 -122.471496582
7 45.7114982605 -111.056297302
76 45.7750015259 -108.526199341
1 46.0 2.0
1 46.0499992371 -73.1166992188
1 46.1166992188 4.76669979095
1 46.1246986389 -123.676498413
1 46.1529006958 -119.169898987
2 46.3067016602 -94.1007995605
1 46.3499984741 -72.5500030518
5 -46.4000015259 168.350006104
1 46.5982017517 -120.530799866
6 46.6287994385 -87.479598999
1 46.650100708 -114.073898315
1 46.7242012024 -94.4076004028
1 46.731098175 -93.9056015015
1 46.7475013733 -122.950698853
2 46.7890014648 -91.0938034058
4 46.7999992371 -71.25
2 46.8158988953 -100.706100464
5 46.8543014526 -96.8283996582
4 46.8573989868 -96.8466033936
1 46.8718986511 -122.573699951
2 46.8898010254 -114.030601501
5 46.8913993835 -96.929397583
5 46.8992004395 -98.7457962036
1 46.9356002808 -91.9296035767
2 46.9851989746 -122.471000671
1 46.9967002869 -95.0896987915
1 47.151599884 -122.523200989
1 47.1922988892 -68.4823989868
2 47.2072982788 -120.902198792
10 47.2165985107 -122.451499939
3 47.2944984436 -122.622001648
3 47.3017997742 -122.192596436
1 47.3293991089 -114.023101807
3 47.34349823 -122.647399902
3 47.3624000549 -122.198196411
6 47.3707008362 -120.359298706
4 47.4061012268 -121.995300293
1 47.5110015869 -122.18699646
2 47.5325012207 -114.138801575
1 47.5527000427 -122.147903442
8 47.5906982422 -122.665496826
19 47.5951004028 -122.332603455
1 47.6026992798 -122.155601501
2 47.6355018616 -122.323501587
5 47.6380996704 -122.371498108
3 47.6514015198 -122.407798767
1 47.660900116 -116.83429718
1 47.6726989746 -122.187301636
1 47.6738014221 -122.341903687
5 47.677898407 -117.379302979
1 47.720500946 -122.206703186
1 47.7569999695 -122.092796326
1 47.7877006531 -117.455497742
5 47.8172988892 -122.530296326
1 47.8305015564 -122.283096313
1 47.8479995728 -116.883003235
1 47.9129981995 -122.304199219
5 47.9905014038 -97.1660003662
2 48.0656013489 -123.061302185
1 48.2229995728 -103.707099915
1 48.2374000549 -101.332496643
1 48.4333000183 -123.349998474
13 48.4667015076 -81.3332977295
2 48.5078010559 -93.3737030029
2 48.5166015625 -111.732299805
15 48.7394981384 -122.480903625
2 48.7981987 -122.409797668
2 49.0191993713 -123.086700439
6 49.1363983154 -122.821296692
2 49.1500015259 -103.0
1 49.1500015259 -123.916702271
16 49.1666984558 -121.949996948
9 49.1666984558 -122.966697693
1 49.25 -122.5
8 49.25 -122.949996948
14 49.25 -123.133300781
7 49.2667007446 -122.783302307
1 49.4000015259 -123.5
1 49.5 -119.583297729
2 49.75 15.5
5 49.8833007812 -97.1667022705
14 49.9000015259 -119.483299255
1 50.1500015259 -96.8833007812
2 50.2332992554 -117.800003052
1 50.4500007629 -104.616699219
1 50.8333015442 4.33330011368
1 50.9166984558 5.73330020905
1 51.0299987793 -113.830001831
28 51.0833015442 -114.083297729
3 51.0 -97.0
2 51.2167015076 4.41669988632
7 51.4000015259 -0.25
5 52.1333007812 -106.666702271
1 52.2118988037 -6.51779985428
1 53.5 -2.21670007706
3 53.5499992371 -113.5
1 55.7667007446 -120.233299255
3 60.0 -95.0
1 60.3911018372 5.32469987869
2 60.7832984924 10.6332998276
13 61.1119995117 -149.904403687
1 61.1594009399 -149.886505127
2 61.5234985352 -149.574798584
1 69.3833007812 -123.983299255
1 9.98330020905 76.2833023071
